0.0117 0.5556 36.0000
0.0577 0.6667 36.0000
0.1038 1.0000 36.0000
0.1538 1.0000 36.0000
0.2008 1.0000 36.0000
0.0117 0.5556 36.0000
0.0577 0.8056 36.0000
0.1038 0.9444 36.0000
0.1538 0.9722 36.0000
0.2008 1.0000 36.0000
0.0117 0.3333 36.0000
0.0577 0.7778 36.0000
0.1038 0.9167 36.0000
0.1538 1.0000 36.0000
0.2008 1.0000 36.0000
0.0117 0.6389 36.0000
0.0577 0.8611 36.0000
0.1038 0.9444 36.0000
0.1538 1.0000 36.0000
0.2008 1.0000 36.0000
0.0117 0.6389 36.0000
0.0577 0.8333 36.0000
0.1038 1.0000 36.0000
0.1538 0.9722 36.0000
0.2008 1.0000 36.0000
0.0117 0.5000 36.0000
0.0577 0.7500 36.0000
0.1038 0.9722 36.0000
0.1538 1.0000 36.0000
0.2008 1.0000 36.0000
0.0117 0.5556 36.0000
0.0577 0.7500 36.0000
0.1038 0.9722 36.0000
0.1538 0.9444 36.0000
0.2008 1.0000 36.0000
0.0206 0.6389 36.0000
0.0411 0.8056 36.0000
0.0704 0.9444 36.0000
0.0917 1.0000 36.0000
0.1789 1.0000 36.0000
0.0206 0.5278 36.0000
0.0411 0.7500 36.0000
0.0704 0.8333 36.0000
0.0917 0.9722 36.0000
0.1789 0.9722 36.0000
0.0206 0.6111 36.0000
0.0411 0.8056 36.0000
0.0704 0.8889 36.0000
0.0917 0.9444 36.0000
0.1789 0.9444 36.0000
0.0206 0.5833 36.0000
0.0411 0.6944 36.0000
0.0704 0.9444 36.0000
0.0917 0.9722 36.0000
0.1789 1.0000 36.0000
0.0206 0.5278 36.0000
0.0411 0.6944 36.0000
0.0704 0.7500 36.0000
0.0917 0.9167 36.0000
0.1789 0.9444 36.0000
0.0206 0.7222 36.0000
0.0411 0.5278 36.0000
0.0704 0.8611 36.0000
0.0917 0.9444 36.0000
0.1789 0.9722 36.0000
